20
20
93
8000800080008000800080008000800080008000
8000800080008000800080008000800080008000
8000800080008000800080008000800080008000
8000800080008000800080008000800080008000
8000800080008000800080008000800080008000
8000800080008000800080008000800080008000
8000800080008000800080008000800080008000
8000800080008000800080008000800080008000
8000800080008000800080008000800080008000
8000800080008000800080008000800080008000
8000800080008000800080008000800080008000
8000800080008000800080008000800080008000
8000800080008000800080008000800080008000
8000800080008000800080008000800080008000
8000800080008000800080008000800080008000
8000800080008000800080008000800080008000
8000800080008000800080008000800080008000
8000800080008000800080008000800080008000
93