-169.765 1075
-56.7885 1075
56.188 1075
169.1645 1075
282.141 1075
395.1175 1075
508.094 1075
621.0705 1075
734.047 1075
847.0235 1075
960 1075
1072.9765 1075
1185.953 1075
1298.9295 1075
1411.906 1075
1524.8825 1075
1637.859 1075
1750.8355 1075
1863.812 1075
1976.7885 1075
2089.765 1075
-169.765 1021.5
-56.7885 1021.5
56.188 1021.5
169.1645 1021.5
282.141 1021.5
395.1175 1021.5
508.094 1021.5
621.0705 1021.5
734.047 1021.5
847.0235 1021.5
960 1021.5
1072.9765 1021.5
1185.953 1021.5
1298.9295 1021.5
1411.906 1021.5
1524.8825 1021.5
1637.859 1021.5
1750.8355 1021.5
1863.812 1021.5
1976.7885 1021.5
2089.765 1021.5
-169.765 968
-56.7885 968
56.188 968
169.1645 968
282.141 968
395.1175 968
508.094 968
621.0705 968
734.047 968
847.0235 968
960 968
1072.9765 968
1185.953 968
1298.9295 968
1411.906 968
1524.8825 968
1637.859 968
1750.8355 968
1863.812 968
1976.7885 968
2089.765 968
-169.765 914.5
-56.7885 914.5
56.188 914.5
169.1645 914.5
282.141 914.5
395.1175 914.5
508.094 914.5
621.0705 914.5
734.047 914.5
847.0235 914.5
960 914.5
1072.9765 914.5
1185.953 914.5
1298.9295 914.5
1411.906 914.5
1524.8825 914.5
1637.859 914.5
1750.8355 914.5
1863.812 914.5
1976.7885 914.5
2089.765 914.5
-169.765 861
-56.7885 861
56.188 861
169.1645 861
282.141 861
395.1175 861
508.094 861
621.0705 861
734.047 861
847.0235 861
960 861
1072.9765 861
1185.953 861
1298.9295 861
1411.906 861
1524.8825 861
1637.859 861
1750.8355 861
1863.812 861
1976.7885 861
2089.765 861
-169.765 807.5
-56.7885 807.5
56.188 807.5
169.1645 807.5
282.141 807.5
395.1175 807.5
508.094 807.5
621.0705 807.5
734.047 807.5
847.0235 807.5
960 807.5
1072.9765 807.5
1185.953 807.5
1298.9295 807.5
1411.906 807.5
1524.8825 807.5
1637.859 807.5
1750.8355 807.5
1863.812 807.5
1976.7885 807.5
2089.765 807.5
-169.765 754
-56.7885 754
56.188 754
169.1645 754
282.141 754
395.1175 754
508.094 754
621.0705 754
734.047 754
847.0235 754
960 754
1072.9765 754
1185.953 754
1298.9295 754
1411.906 754
1524.8825 754
1637.859 754
1750.8355 754
1863.812 754
1976.7885 754
2089.765 754
-169.765 700.5
-56.7885 700.5
56.188 700.5
169.1645 700.5
282.141 700.5
395.1175 700.5
508.094 700.5
621.0705 700.5
734.047 700.5
847.0235 700.5
960 700.5
1072.9765 700.5
1185.953 700.5
1298.9295 700.5
1411.906 700.5
1524.8825 700.5
1637.859 700.5
1750.8355 700.5
1863.812 700.5
1976.7885 700.5
2089.765 700.5
-169.765 647
-56.7885 647
56.188 647
169.1645 647
282.141 647
395.1175 647
508.094 647
621.0705 647
734.047 647
847.0235 647
960 647
1072.9765 647
1185.953 647
1298.9295 647
1411.906 647
1524.8825 647
1637.859 647
1750.8355 647
1863.812 647
1976.7885 647
2089.765 647
-169.765 593.5
-56.7885 593.5
56.188 593.5
169.1645 593.5
282.141 593.5
395.1175 593.5
508.094 593.5
621.0705 593.5
734.047 593.5
847.0235 593.5
960 593.5
1072.9765 593.5
1185.953 593.5
1298.9295 593.5
1411.906 593.5
1524.8825 593.5
1637.859 593.5
1750.8355 593.5
1863.812 593.5
1976.7885 593.5
2089.765 593.5
-169.765 540
-56.7885 540
56.188 540
169.1645 540
282.141 540
395.1175 540
508.094 540
621.0705 540
734.047 540
847.0235 540
960 540
1072.9765 540
1185.953 540
1298.9295 540
1411.906 540
1524.8825 540
1637.859 540
1750.8355 540
1863.812 540
1976.7885 540
2089.765 540
-169.765 486.5
-56.7885 486.5
56.188 486.5
169.1645 486.5
282.141 486.5
395.1175 486.5
508.094 486.5
621.0705 486.5
734.047 486.5
847.0235 486.5
960 486.5
1072.9765 486.5
1185.953 486.5
1298.9295 486.5
1411.906 486.5
1524.8825 486.5
1637.859 486.5
1750.8355 486.5
1863.812 486.5
1976.7885 486.5
2089.765 486.5
-169.765 433
-56.7885 433
56.188 433
169.1645 433
282.141 433
395.1175 433
508.094 433
621.0705 433
734.047 433
847.0235 433
960 433
1072.9765 433
1185.953 433
1298.9295 433
1411.906 433
1524.8825 433
1637.859 433
1750.8355 433
1863.812 433
1976.7885 433
2089.765 433
-169.765 379.5
-56.7885 379.5
56.188 379.5
169.1645 379.5
282.141 379.5
395.1175 379.5
508.094 379.5
621.0705 379.5
734.047 379.5
847.0235 379.5
960 379.5
1072.9765 379.5
1185.953 379.5
1298.9295 379.5
1411.906 379.5
1524.8825 379.5
1637.859 379.5
1750.8355 379.5
1863.812 379.5
1976.7885 379.5
2089.765 379.5
-169.765 326
-56.7885 326
56.188 326
169.1645 326
282.141 326
395.1175 326
508.094 326
621.0705 326
734.047 326
847.0235 326
960 326
1072.9765 326
1185.953 326
1298.9295 326
1411.906 326
1524.8825 326
1637.859 326
1750.8355 326
1863.812 326
1976.7885 326
2089.765 326
-169.765 272.5
-56.7885 272.5
56.188 272.5
169.1645 272.5
282.141 272.5
395.1175 272.5
508.094 272.5
621.0705 272.5
734.047 272.5
847.0235 272.5
960 272.5
1072.9765 272.5
1185.953 272.5
1298.9295 272.5
1411.906 272.5
1524.8825 272.5
1637.859 272.5
1750.8355 272.5
1863.812 272.5
1976.7885 272.5
2089.765 272.5
-169.765 219
-56.7885 219
56.188 219
169.1645 219
282.141 219
395.1175 219
508.094 219
621.0705 219
734.047 219
847.0235 219
960 219
1072.9765 219
1185.953 219
1298.9295 219
1411.906 219
1524.8825 219
1637.859 219
1750.8355 219
1863.812 219
1976.7885 219
2089.765 219
-169.765 165.5
-56.7885 165.5
56.188 165.5
169.1645 165.5
282.141 165.5
395.1175 165.5
508.094 165.5
621.0705 165.5
734.047 165.5
847.0235 165.5
960 165.5
1072.9765 165.5
1185.953 165.5
1298.9295 165.5
1411.906 165.5
1524.8825 165.5
1637.859 165.5
1750.8355 165.5
1863.812 165.5
1976.7885 165.5
2089.765 165.5
-169.765 112
-56.7885 112
56.188 112
169.1645 112
282.141 112
395.1175 112
508.094 112
621.0705 112
734.047 112
847.0235 112
960 112
1072.9765 112
1185.953 112
1298.9295 112
1411.906 112
1524.8825 112
1637.859 112
1750.8355 112
1863.812 112
1976.7885 112
2089.765 112
-169.765 58.5
-56.7885 58.5
56.188 58.5
169.1645 58.5
282.141 58.5
395.1175 58.5
508.094 58.5
621.0705 58.5
734.047 58.5
847.0235 58.5
960 58.5
1072.9765 58.5
1185.953 58.5
1298.9295 58.5
1411.906 58.5
1524.8825 58.5
1637.859 58.5
1750.8355 58.5
1863.812 58.5
1976.7885 58.5
2089.765 58.5
-169.765 5
-56.7885 5
56.188 5
169.1645 5
282.141 5
395.1175 5
508.094 5
621.0705 5
734.047 5
847.0235 5
960 5
1072.9765 5
1185.953 5
1298.9295 5
1411.906 5
1524.8825 5
1637.859 5
1750.8355 5
1863.812 5
1976.7885 5
2089.765 5
