-38.000000 1121.000000 
59.000000 1109.000000 
156.000000 1099.000000 
253.000000 1090.000000 
350.000000 1083.000000 
446.000000 1077.000000 
542.000000 1073.000000 
639.000000 1071.000000 
735.000000 1072.000000 
831.000000 1074.000000 
927.000000 1079.000000 
1023.000000 1086.000000 
1118.000000 1095.000000 
1214.000000 1107.000000 
1309.000000 1120.000000 
1404.000000 1136.000000 
1499.000000 1153.000000 
1594.000000 1173.000000 
1689.000000 1193.000000 
1784.000000 1216.000000 
1879.000000 1239.000000 
-34.000000 1067.000000 
63.000000 1056.000000 
159.000000 1045.000000 
256.000000 1036.000000 
353.000000 1029.000000 
449.000000 1023.000000 
546.000000 1019.000000 
642.000000 1017.000000 
738.000000 1018.000000 
834.000000 1020.000000 
930.000000 1025.000000 
1026.000000 1032.000000 
1122.000000 1041.000000 
1217.000000 1053.000000 
1312.000000 1066.000000 
1408.000000 1082.000000 
1503.000000 1099.000000 
1598.000000 1119.000000 
1693.000000 1140.000000 
1787.000000 1162.000000 
1882.000000 1185.000000 
-31.000000 1014.000000 
66.000000 1002.000000 
163.000000 991.000000 
260.000000 982.000000 
356.000000 975.000000 
453.000000 969.000000 
549.000000 965.000000 
645.000000 963.000000 
742.000000 964.000000 
838.000000 966.000000 
933.000000 971.000000 
1029.000000 978.000000 
1125.000000 987.000000 
1220.000000 999.000000 
1316.000000 1012.000000 
1411.000000 1028.000000 
1506.000000 1045.000000 
1601.000000 1065.000000 
1696.000000 1086.000000 
1791.000000 1108.000000 
1885.000000 1132.000000 
-28.000000 960.000000 
69.000000 948.000000 
166.000000 938.000000 
263.000000 928.000000 
359.000000 921.000000 
456.000000 915.000000 
552.000000 911.000000 
649.000000 910.000000 
745.000000 910.000000 
841.000000 913.000000 
937.000000 917.000000 
1033.000000 924.000000 
1128.000000 934.000000 
1224.000000 945.000000 
1319.000000 958.000000 
1414.000000 974.000000 
1509.000000 992.000000 
1604.000000 1011.000000 
1699.000000 1032.000000 
1794.000000 1054.000000 
1889.000000 1078.000000 
-24.000000 907.000000 
73.000000 895.000000 
169.000000 884.000000 
266.000000 875.000000 
363.000000 867.000000 
459.000000 861.000000 
556.000000 857.000000 
652.000000 856.000000 
748.000000 856.000000 
844.000000 859.000000 
940.000000 863.000000 
1036.000000 870.000000 
1131.000000 880.000000 
1227.000000 891.000000 
1322.000000 905.000000 
1418.000000 920.000000 
1513.000000 938.000000 
1608.000000 957.000000 
1702.000000 978.000000 
1797.000000 1001.000000 
1892.000000 1025.000000 
-21.000000 853.000000 
76.000000 841.000000 
173.000000 830.000000 
269.000000 821.000000 
366.000000 813.000000 
463.000000 807.000000 
559.000000 804.000000 
655.000000 802.000000 
752.000000 802.000000 
848.000000 805.000000 
943.000000 809.000000 
1039.000000 816.000000 
1135.000000 826.000000 
1230.000000 837.000000 
1326.000000 851.000000 
1421.000000 866.000000 
1516.000000 884.000000 
1611.000000 903.000000 
1706.000000 924.000000 
1801.000000 947.000000 
1895.000000 971.000000 
-18.000000 800.000000 
79.000000 787.000000 
176.000000 776.000000 
273.000000 767.000000 
369.000000 759.000000 
466.000000 753.000000 
562.000000 750.000000 
659.000000 748.000000 
755.000000 748.000000 
851.000000 751.000000 
947.000000 756.000000 
1042.000000 763.000000 
1138.000000 772.000000 
1234.000000 783.000000 
1329.000000 797.000000 
1424.000000 812.000000 
1519.000000 830.000000 
1614.000000 849.000000 
1709.000000 871.000000 
1804.000000 893.000000 
1899.000000 918.000000 
-15.000000 746.000000 
82.000000 734.000000 
179.000000 723.000000 
276.000000 713.000000 
373.000000 705.000000 
469.000000 699.000000 
566.000000 696.000000 
662.000000 694.000000 
758.000000 694.000000 
854.000000 697.000000 
950.000000 702.000000 
1046.000000 709.000000 
1141.000000 718.000000 
1237.000000 729.000000 
1332.000000 743.000000 
1427.000000 758.000000 
1523.000000 776.000000 
1618.000000 796.000000 
1712.000000 817.000000 
1807.000000 840.000000 
1902.000000 864.000000 
-11.000000 693.000000 
86.000000 680.000000 
183.000000 669.000000 
279.000000 659.000000 
376.000000 651.000000 
473.000000 646.000000 
569.000000 642.000000 
665.000000 640.000000 
761.000000 640.000000 
857.000000 643.000000 
953.000000 648.000000 
1049.000000 655.000000 
1145.000000 664.000000 
1240.000000 675.000000 
1336.000000 689.000000 
1431.000000 705.000000 
1526.000000 722.000000 
1621.000000 742.000000 
1716.000000 763.000000 
1810.000000 786.000000 
1905.000000 811.000000 
-8.000000 639.000000 
89.000000 626.000000 
186.000000 615.000000 
283.000000 605.000000 
379.000000 598.000000 
476.000000 592.000000 
572.000000 588.000000 
669.000000 586.000000 
765.000000 587.000000 
861.000000 589.000000 
957.000000 594.000000 
1052.000000 601.000000 
1148.000000 610.000000 
1244.000000 621.000000 
1339.000000 635.000000 
1434.000000 651.000000 
1529.000000 668.000000 
1624.000000 688.000000 
1719.000000 709.000000 
1814.000000 732.000000 
1908.000000 757.000000 
-5.000000 586.000000 
92.000000 573.000000 
189.000000 561.000000 
286.000000 551.000000 
383.000000 544.000000 
479.000000 538.000000 
576.000000 534.000000 
672.000000 532.000000 
768.000000 533.000000 
864.000000 535.000000 
960.000000 540.000000 
1056.000000 547.000000 
1151.000000 556.000000 
1247.000000 568.000000 
1342.000000 581.000000 
1437.000000 597.000000 
1533.000000 614.000000 
1627.000000 634.000000 
1722.000000 655.000000 
1817.000000 679.000000 
1912.000000 704.000000 
-1.000000 532.000000 
96.000000 519.000000 
193.000000 507.000000 
289.000000 498.000000 
386.000000 490.000000 
483.000000 484.000000 
579.000000 480.000000 
675.000000 478.000000 
771.000000 479.000000 
867.000000 481.000000 
963.000000 486.000000 
1059.000000 493.000000 
1155.000000 502.000000 
1250.000000 514.000000 
1346.000000 527.000000 
1441.000000 543.000000 
1536.000000 560.000000 
1631.000000 580.000000 
1726.000000 602.000000 
1820.000000 625.000000 
1915.000000 650.000000 
2.000000 479.000000 
99.000000 465.000000 
196.000000 454.000000 
293.000000 444.000000 
389.000000 436.000000 
486.000000 430.000000 
582.000000 426.000000 
679.000000 424.000000 
775.000000 425.000000 
871.000000 427.000000 
967.000000 432.000000 
1062.000000 439.000000 
1158.000000 448.000000 
1253.000000 460.000000 
1349.000000 473.000000 
1444.000000 489.000000 
1539.000000 507.000000 
1634.000000 526.000000 
1729.000000 548.000000 
1824.000000 571.000000 
1918.000000 597.000000 
5.000000 425.000000 
102.000000 412.000000 
199.000000 400.000000 
296.000000 390.000000 
393.000000 382.000000 
489.000000 376.000000 
586.000000 372.000000 
682.000000 370.000000 
778.000000 371.000000 
874.000000 374.000000 
970.000000 378.000000 
1066.000000 385.000000 
1161.000000 394.000000 
1257.000000 406.000000 
1352.000000 419.000000 
1447.000000 435.000000 
1542.000000 453.000000 
1637.000000 472.000000 
1732.000000 494.000000 
1827.000000 518.000000 
1922.000000 543.000000 
9.000000 372.000000 
106.000000 358.000000 
202.000000 346.000000 
299.000000 336.000000 
396.000000 328.000000 
492.000000 322.000000 
589.000000 318.000000 
685.000000 317.000000 
781.000000 317.000000 
877.000000 320.000000 
973.000000 324.000000 
1069.000000 331.000000 
1165.000000 341.000000 
1260.000000 352.000000 
1355.000000 365.000000 
1451.000000 381.000000 
1546.000000 399.000000 
1641.000000 419.000000 
1736.000000 440.000000 
1830.000000 464.000000 
1925.000000 490.000000 
12.000000 318.000000 
109.000000 304.000000 
206.000000 292.000000 
303.000000 282.000000 
399.000000 274.000000 
496.000000 268.000000 
592.000000 264.000000 
689.000000 263.000000 
785.000000 263.000000 
881.000000 266.000000 
977.000000 271.000000 
1072.000000 277.000000 
1168.000000 287.000000 
1263.000000 298.000000 
1359.000000 312.000000 
1454.000000 327.000000 
1549.000000 345.000000 
1644.000000 365.000000 
1739.000000 387.000000 
1834.000000 410.000000 
1928.000000 436.000000 
15.000000 265.000000 
112.000000 251.000000 
209.000000 238.000000 
306.000000 228.000000 
403.000000 220.000000 
499.000000 214.000000 
596.000000 210.000000 
692.000000 209.000000 
788.000000 209.000000 
884.000000 212.000000 
980.000000 217.000000 
1076.000000 224.000000 
1171.000000 233.000000 
1267.000000 244.000000 
1362.000000 258.000000 
1457.000000 273.000000 
1552.000000 291.000000 
1647.000000 311.000000 
1742.000000 333.000000 
1837.000000 357.000000 
1931.000000 383.000000 
18.000000 211.000000 
115.000000 197.000000 
212.000000 185.000000 
309.000000 175.000000 
406.000000 166.000000 
502.000000 160.000000 
599.000000 157.000000 
695.000000 155.000000 
791.000000 155.000000 
887.000000 158.000000 
983.000000 163.000000 
1079.000000 170.000000 
1175.000000 179.000000 
1270.000000 190.000000 
1365.000000 204.000000 
1461.000000 219.000000 
1556.000000 237.000000 
1651.000000 257.000000 
1746.000000 279.000000 
1840.000000 303.000000 
1935.000000 329.000000 
22.000000 158.000000 
119.000000 143.000000 
216.000000 131.000000 
313.000000 121.000000 
409.000000 113.000000 
506.000000 107.000000 
602.000000 103.000000 
698.000000 101.000000 
795.000000 101.000000 
891.000000 104.000000 
987.000000 109.000000 
1082.000000 116.000000 
1178.000000 125.000000 
1273.000000 136.000000 
1369.000000 150.000000 
1464.000000 165.000000 
1559.000000 183.000000 
1654.000000 203.000000 
1749.000000 225.000000 
1844.000000 249.000000 
1938.000000 276.000000 
25.000000 104.000000 
122.000000 90.000000 
219.000000 77.000000 
316.000000 67.000000 
413.000000 59.000000 
509.000000 53.000000 
605.000000 49.000000 
702.000000 47.000000 
798.000000 47.000000 
894.000000 50.000000 
990.000000 55.000000 
1086.000000 62.000000 
1181.000000 71.000000 
1277.000000 82.000000 
1372.000000 96.000000 
1467.000000 112.000000 
1562.000000 129.000000 
1657.000000 149.000000 
1752.000000 171.000000 
1847.000000 196.000000 
1941.000000 222.000000 
28.000000 51.000000 
125.000000 36.000000 
222.000000 23.000000 
319.000000 13.000000 
416.000000 5.000000 
512.000000 -1.000000 
609.000000 -5.000000 
705.000000 -7.000000 
801.000000 -6.000000 
897.000000 -4.000000 
993.000000 1.000000 
1089.000000 8.000000 
1185.000000 17.000000 
1280.000000 28.000000 
1375.000000 42.000000 
1471.000000 58.000000 
1566.000000 75.000000 
1661.000000 95.000000 
1755.000000 118.000000 
1850.000000 142.000000 
1945.000000 169.000000 
